00000000000000000000000000000000000000000000000000
00000000000000000000000000000000000000000000000000
00000000000000000000000000000000000000000000000000
00000000000000000000000000000000000000000000000000
00000000000000000000000000000000000000000000000000
00000000000000000000000000000000000000000000000000
00000000000000000000000000000000000000000000000000
00000000000000000000000000000000000000000000000000
00000000000000000000000000000000000000000000000000
00000000000000000000000000000000000000000000000000
00000000000000000000000000000000000000000000000000
00000000000000000000000000000000000000000000000000
00000000000000000000000000000000000000000000000000
00000000000000000000000000000000000000000000000000
00000000000000000000000000000000000000000000000000
00000000000000000010000000000000000000000000000000
00000000000000000100000000000000000000000000000000
00000000000000001000100000000000000000000000000000
00000000000000010001010000000000000000000000000000
00000000000000001010001000000000000000000000000000
00000000000000000100010000000000000000000000000000
00000000000000000000100010000000000000000000000000
00000000000000000001000101000000000000000000000000
00000000000000000000101000100000000000000000000000
00000000000000000000010001000000000000000000000000
00000000000000000000000010001000000000000000000000
00000000000000000000000100010100000000000000000000
00000000000000000000000010100010000000000000000000
00000000000000000000000001000100000000000000000000
00000000000000000000000000001000100000000000000000
00000000000000000000000000010001010000000000000000
00000000000000000000000000001010001000000000000000
00000000000000000000000000000100010000000000000000
00000000000000000000000000000000100000000000000000
00000000000000000000000000000001000000000000000000
00000000000000000000000000000000000000000000000000
00000000000000000000000000000000000000000000000000
00000000000000000000000000000000000000000000000000
00000000000000000000000000000000000000000000000000
00000000000000000000000000000000000000000000000000
00000000000000000000000000000000000000000000000000
00000000000000000000000000000000000000000000000000
00000000000000000000000000000000000000000000000000
00000000000000000000000000000000000000000000000000
00000000000000000000000000000000000000000000000000
00000000000000000000000000000000000000000000000000
00000000000000000000000000000000000000000000000000
00000000000000000000000000000000000000000000000000
00000000000000000000000000000000000000000000000000
00000000000000000000000000000000000000000000000000
